0.11538021004181158
0.12308775441288236
0.13998306620935394
0.17098187734094797
0.22147498246411793
0.2885850123096716
0.38051526780337797
0.492929684139782
0.6421090270410472
0.7958564320191546
0.8525508447053477
0.10374487010834914
0.11067515901440421
0.12586668906214654
0.1537394727327176
0.19914067828150409
0.2594831003205313
0.3421427905028022
0.4432209478133159
0.5773565291797589
0.7155995134243645
0.7665766652068648
0.08954475642364944
0.0955264597251246
0.10863864403271441
0.13269633114556859
0.171883231548068
0.2239662644522939
0.2953118819820617
0.3825549328111638
0.49833066175716917
0.6176515914429771
0.6616512285794262
0.08145542311898706
0.08689674869575993
0.09882439877206066
0.12070875204195451
0.15635556912530732
0.20373350226147074
0.26863386824245544
0.34799551825191133
0.4533122488440255
0.5618539122835328
0.6018786909883281
0.07257606571242299
0.07742423895247466
0.08805167028344765
0.10755043660462418
0.1393114371619598
0.18152475896357997
0.2393504143446321
0.31006094662827
0.4038972274724017
0.5006068951247834
0.5362686209887706
0.06506278366403086
0.06940906013392262
0.07893630935588045
0.09641650757848887
0.12488951845239407
0.1627327963589396
0.21457217438744852
0.2779625499827371
0.3620846304574564
0.44878263651388256
0.48075255844611287
0.05768465497188924
0.06153806308723784
0.06998492092593288
0.08548286224547784
0.11072702973688624
0.14427887467971637
0.19023966004932366
0.24644155825944117
0.3210241831400361
0.3978906232840738
0.42623515163474845
0.05033922657384689
0.05370195075577299
0.06107320556844981
0.07459767546244384
0.0966273099924143
0.12590674185121145
0.16601498882538832
0.21506026939884437
0.28014571810554295
0.34722416640728593
0.371959369130935
0.04272784364315717
0.045582117791561516
0.05183882542348927
0.0633183707863772
0.08201708436974178
0.10686941269441194
0.1409132195256442
0.18254276416521548
0.2377871742418168
0.29472323873732365
0.3157184336656257
0.03420818947168429
0.03649333991569425
0.041502500731985366
0.050693099398795224
0.0656634110877855
0.08556034675444057
0.11281603988387309
0.1461449240312582
0.19037395798238857
0.23595734146179936
0.2527662310491241
0.026349818336076105
0.028110019621213005
0.03196846637223784
0.03904778302156476
0.050579085891768995
0.06590525919582348
0.08689972203282474
0.11257223075634724
0.14664088588809893
0.181752766767395
0.1947002858818979
0.017844654718026272
0.019036700286116183
0.021649722096807798
0.02644398517807755
0.034253227562342954
0.04463243652960343
0.05885033114801859
0.0762362974599595
0.09930831183894574
0.12308682077590002
0.13185515477754367
0.012789794358283582
0.013644168843107436
0.01551699923072459
0.018953190060856447
0.0245503061590375
0.03198939368359557
0.042179781295499236
0.05464082004146877
0.0711772184196624
0.0882199824437281
0.09450450800714408
0.005754924348185867
0.006139360593792669
0.006982063525192008
0.008528219602402982
0.011046710424906582
0.014394018811896891
0.01897930831244431
0.024586305053280886
0.03202705968874005
0.039695659737728185
0.04252345885384726
0.
0.
0.
0.
0.
0.
0.
0.
0.
0.
0.
0.11921338854820879
0.12717699410524536
0.1446336044642143
0.17666226271179494
0.22883285728665878
0.2981724265296056
0.3931568026503956
0.5093058674534104
0.6634412686821862
0.8222964928258408
0.8808744157263313
0.10719149762015702
0.11435202561546484
0.1300482509349283
0.15884702837202805
0.20575655952718216
0.2681036864900431
0.3535095091991801
0.4579457000921276
0.5965375537018838
0.7393732669393953
0.7920439892437313
0.09251962564567039
0.09870005398429493
0.11224785323002325
0.1371047884038854
0.17759356184250416
0.23140690501574307
0.30512277726720105
0.3952642297125699
0.5148862771528601
0.6381713045194505
0.6836327041479211
0.08416154730628085
0.08978364541102574
0.10210755765297627
0.12471895616355873
0.16155003710824342
0.2105019669888166
0.2775584625854892
0.359556677140445
0.468372255827249
0.580519906560367
0.6218743944189152
0.07498719856672191
0.0799964385395549
0.0909769359755501
0.11112349321283357
0.14393966245667003
0.18755540151645814
0.2473021494249418
0.3203618375337197
0.4173155612627418
0.5172381318841128
0.5540846169111605
0.06722430914415392
0.07171497825764728
0.08155874317089622
0.09961967113988131
0.129038616617777
0.16813912953395338
0.22170072309293823
0.28719706317863924
0.37411385992811935
0.4636921600422747
0.49672419147800995
0.05960106316274845
0.0635824897758861
0.07230997038257701
0.08832278661470833
0.1144056195948075
0.14907212892278837
0.19655983034283514
0.25462887637804044
0.3316892963201918
0.41110940477629654
0.4403955992654573
0.05201160384947844
0.05548604495454434
0.0631021886914387
0.07707597053667033
0.09983747686296915
0.13008963436371146
0.17153036348690603
0.2222050336694319
0.2894527608376735
0.3587596993300614
0.3843166586391537
0.04414735442250396
0.047096453691378
0.05356102259524157
0.065421943122313
0.08474186815068256
0.11041984422494054
0.14559465947238434
0.18860722703837957
0.24568697512682422
0.30451457802899484
0.3262072784472559
0.03534465903243567
0.03770572708452322
0.04288130298680818
0.05237723309007298
0.06784489070155296
0.08840284532555692
0.11656403114773951
0.15100017244355232
0.19669858994181555
0.2437963513699128
0.2611636683882431
0.02722521592164743
0.02904389487579425
0.033030527518912244
0.040345034279353924
0.052259431809351296
0.06809477352342291
0.08978671752873682
0.11631212215710011
0.15151261121899967
0.18779098422945842
0.20116864775055304
0.018437492492324216
0.01966914037565167
0.022368972385751477
0.027322511188485707
0.03539119338524386
0.04611522197722374
0.06080546560625236
0.07876903107801175
0.10260754735177492
0.12717602945083623
0.13623566634939635
0.013214698809555132
0.014097457450643346
0.016032507288072036
0.019582855761262143
0.02536592008329879
0.03305215008052174
0.04358108426598157
0.056456105495351745
0.0735418785610551
0.09115083982746394
0.09764415083427491
0.00594611530120471
0.006343323344966548
0.007214022678545661
0.008811545383019252
0.011413705882375435
0.014872219046672292
0.019609841717290778
0.025403114938163284
0.033091067431293905
0.041014434852184777
0.04393617953131147
0.
0.
0.
0.
0.
0.
0.
0.
0.
0.
0.
0.12687589923655548
0.13535137022617216
0.1539300144865918
0.1880173335871541
0.24354122382298002
0.31733763467507753
0.418427187455258
0.5420418017349974
0.7060843465635925
0.8751500837018357
0.9374931370611806
0.11408129419600216
0.12170206934111787
0.1384071787778921
0.1690570145785737
0.21898168344803204
0.28533620867847503
0.37623154089090965
0.4873804293987216
0.6348803559400098
0.7868969186835102
0.8429530826528713
0.09846637901813325
0.10504405802448899
0.11946265003760842
0.14591727934439286
0.18900849251742138
0.2462807199842962
0.32473472329558417
0.4206700706317626
0.5479808955511227
0.6791901405866676
0.7275735984235543
0.08957108027598915
0.09555454204418795
0.10867058099628571
0.1327353404495927
0.17193376079162925
0.22403210476623162
0.2953986960701904
0.3826673941094621
0.49847715813820076
0.617833165104461
0.6618457370011044
0.0798070448734505
0.08513825669273267
0.09682453206182175
0.11826602111879458
0.15319146894823077
0.199610635297485
0.263197640579892
0.3409532831266604
0.4441387644912624
0.5504839171289454
0.589698731659802
0.07154519116593708
0.07632450067879351
0.08680097937343821
0.10602278411380897
0.13733264962098593
0.178946371009705
0.2359506675077561
0.30565682338735317
0.3981602483855587
0.49349624644310447
0.5286514311338264
0.06343195656392633
0.06766929171510287
0.07695773627261766
0.09399978568923832
0.12175910810501497
0.15865382771615383
0.20919382908445042
0.27099529721859433
0.3530088209911637
0.4375337036452476
0.468702285515784
0.05535468028802394
0.05905244313931158
0.06715811899586663
0.08203007389070009
0.10625458942789473
0.1384512221509086
0.1825555785202228
0.23648739294326407
0.3080575073405647
0.38181919008141235
0.4090188379865795
0.04698495160218542
0.05012360596167415
0.05700368883527425
0.06962697700761707
0.0901887015840975
0.11751714467821196
0.15495284187084987
0.20073006752367129
0.26147865000347265
0.3240874316935056
0.34717444319408947
0.03761645778683891
0.04012928487711298
0.045637523965576667
0.055743810563176316
0.07220566096805806
0.09408499022083001
0.12405625283041599
0.16070579736858334
0.2093415075382934
0.259466505292234
0.2779501168300096
0.028975132693015895
0.03091070830696346
0.03515358410876027
0.04293823509473256
0.05561843753582779
0.0724716051553225
0.09555781162407287
0.12378815224119298
0.1612511734478171
0.1998613602279685
0.21409888094265356
0.019622573170000063
0.020933385945670638
0.023806751246670615
0.02907868167037402
0.03766598316255242
0.04907930500178319
0.06471377268309901
0.08383195689445139
0.10920270782714452
0.13535034356803335
0.14499229395850197
0.014064081350430998
0.015003579822547783
0.017063006126767234
0.020841555336925513
0.02699632952073733
0.03517659647323889
0.04638228409818661
0.060084854892116256
0.07826882607406285
0.09700961368613403
0.10392028607825894
0.006328305360597227
0.006751044185069916
0.00767770823059234
0.00937791264680132
0.012147328543239374
0.01582813967599405
0.020870275831154785
0.027035915096781875
0.03521801525962911
0.04365066178322516
0.04676020332061644
0.
0.
0.
0.
0.
0.
0.
0.
0.
0.
0.
0.1460110305028533
0.1557647525307357
0.17714538518148126
0.21637367533667484
0.28027155097454415
0.3651977667551874
0.48153341334624306
0.623791299397132
0.8125743634846304
1.0071382061909129
1.0788836954482581
0.13128677256191
0.14005689548410694
0.159281431098855
0.19455380463022934
0.252007997215318
0.3283699593036467
0.43297391643101596
0.5608860246243467
0.7306315507879424
0.9055749018360116
0.9700853275075025
0.11331685179638777
0.12088656121964324
0.13747973211264777
0.16792418775707893
0.2175143185768111
0.28342421164516507
0.3737104672656816
0.48411456300405686
0.6306261136807224
0.7816240352278396
0.8373045748777197
0.10307998456008449
0.10996585826822061
0.1250600280438433
0.15275417916098696
0.19786441508966912
0.2578201114590867
0.33995004789673067
0.44038041022739494
0.5736563364661638
0.7110133418447566
0.7616637885913694
0.09184335979864812
0.09797861272096271
0.11142738525891664
0.136102630372941
0.176295453903924
0.22971545214252764
0.3028925032904691
0.39237507298242996
0.5111227512856835
0.6335066352151342
0.6786357378664823
0.0823354723199653
0.08783558629955711
0.09989210341155992
0.12201289652636088
0.15804484392627685
0.20593465104951209
0.2715362044166479
0.35175528237877923
0.45820986114672135
0.5679242151269586
0.6083814239041757
0.07299861833840399
0.07787501862980767
0.08856432502899021
0.10817661713627173
0.14012253670316702
0.18258163305599268
0.24074396117192357
0.31186618456622983
0.4062487993359304
0.5035215303566983
0.539390886046895
0.06370314583497878
0.0679585967734194
0.07728675201692291
0.09440166093857655
0.12227966218468798
0.15933211699207564
0.21008819093439382
0.2721538775476957
0.3545180319634471
0.4394042820189864
0.47070611825301845
0.0540711139218881
0.05768313291193112
0.06560085405805996
0.08012795751481495
0.10379075409314845
0.13524081011025338
0.1783224730389916
0.2310037145620022
0.3009142585095614
0.37296555263316644
0.39953449410050124
0.043289685419947474
0.04618149131164264
0.05252047034865545
0.06415096384310118
0.08309555265834302
0.1082746720193197
0.14276613151185985
0.1849430760511913
0.24091391215046754
0.2985986467615731
0.31986991407305204
0.03334509555338164
0.03557259022896034
0.04045536679916563
0.049414080939568505
0.0640066823441673
0.08340160593617121
0.10996962095862203
0.14245759660849053
0.18557070449614935
0.2300039908302755
0.24638878166814
0.022582004517086893
0.024090511060280866
0.027397230706286475
0.033464261549308046
0.043346680098901295
0.056481332883507616
0.07447375501606857
0.09647529979202646
0.12567240901926457
0.15576357103437824
0.16685969820306032
0.016185193747661215
0.01726638521818523
0.01963640946024497
0.023984830770365586
0.03106785383856227
0.040481849835518696
0.05337755349127099
0.06914671449189326
0.09007315037834904
0.1116403804680588
0.11959330457353033
0.007282725817885733
0.007769221139426194
0.00883564252466032
0.010792267859889073
0.013979360691254782
0.018215303291967536
0.02401788282346809
0.03111340962012596
0.0405295153079954
0.05023395418240234
0.05381246962148832
0.
0.
0.
0.
0.
0.
0.
0.
0.
0.
0.
0.18037125334935056
0.1924202818435105
0.21883233780486863
0.26729207291991847
0.3462267936425328
0.45113837415680275
0.59485084788273
0.7705857435098483
1.0037944111243549
1.2441442260974984
1.3327733096327825
0.16218199154974136
0.17301595428568434
0.1967645270609695
0.24033741467466282
0.3113120848146987
0.40564401824913027
0.5348640284592252
0.692877208654794
0.9025683066432816
1.1186804139614923
1.198371833797332
0.13998327738476946
0.14933433785917863
0.16983231681805458
0.20744115091239024
0.2687011394139988
0.35012135800925254
0.46165433623979113
0.598039409714374
0.7790289687545194
0.965560659331607
1.0343442895082342
0.12733740695002252
0.13584370724024522
0.15448993082568666
0.18870124164406685
0.2444270985558378
0.3184919418922712
0.41994920523559987
0.5440134643914074
0.7086527096196032
0.878333418886067
0.9409032434460916
0.11345650983795848
0.12103554859552311
0.13764916984267805
0.16813114694119766
0.21778239541855365
0.28377351953454066
0.3741710489986333
0.4847112129347024
0.631403332660988
0.7825873525127245
0.8383365159815481
0.10171116720645738
0.10850560217925662
0.12339933380371265
0.1507257293880558
0.1952369385121743
0.25439647258113396
0.33543579106099597
0.43453252084043104
0.5660386524732514
0.7015716698738973
0.7515495203762267
0.0901771067372307
0.0962010518416833
0.10940583223406714
0.13363341076879032
0.17309704260423328
0.22554787730395243
0.2973973258275018
0.3852564727045898
0.5018497907694546
0.6220133451975403
0.666323700520651
0.07869416589267157
0.08395103598453824
0.09547435067462413
0.11661684629654678
0.15105527199848354
0.19682714067348273
0.2595274492771578
0.3361988188707649
0.43794541782199353
0.5428076276284296
0.5814756064395099
0.06679546438716406
0.07125748612697358
0.08103845460503657
0.09898416630234096
0.12821543918553086
0.16706651777991083
0.22028642529010997
0.28536494387038147
0.3717272713652885
0.46073412366788885
0.4935554335108826
0.05347688314645762
0.057049206767021306
0.06487991373432105
0.079247367216704
0.10265011437234749
0.1337545405361174
0.17636274456763734
0.22846502973613414
0.2976072707262071
0.3688667354741539
0.3951436895651359
0.04119207060797886
0.04394375316976507
0.049975575058561324
0.06104250946987253
0.07906913249903708
0.10302819000898662
0.13584835539032883
0.17598160331391255
0.2292403556061359
0.2841299589389488
0.3043705205534674
0.027896142119262834
0.02975963979436655
0.03384451725171245
0.04133927948643034
0.053547290167364474
0.06977287104922365
0.09199938174272534
0.11917846672825333
0.1552464210968897
0.19241882231008636
0.20612615906297566
0.019993994096978024
0.0213296182616554
0.02425737133302561
0.02962909016205014
0.03837893422460559
0.050008290247565555
0.06593869100700742
0.08541874894615394
0.11126972373878072
0.13791228840774788
0.14773674402425813
0.008996542104030033
0.00959752252717105
0.010914900818323315
0.013331971383710346
0.017269070701168517
0.022501841632072413
0.029669920229636274
0.038435210475718955
0.05006717265516381
0.062055320377980984
0.06647595430306888
0.
0.
0.
0.
0.
0.
0.
0.
0.
0.
0.
0.22211372466816207
0.23695120318967236
0.26947567711102066
0.329150220936433
0.4263524330393787
0.5555432074900898
0.7325143834829556
0.9489187799546587
1.2360978333065946
1.5320706761829728
1.6412107719154936
0.19971500750977808
0.21305622331613308
0.24230081665748135
0.29595757283514057
0.38335757726583175
0.4995203066431492
0.6586450964112271
0.8532265241508686
1.1114454472836106
1.377571363753047
1.4757053942881266
0.172378949271743
0.1838940817166325
0.20913581159421182
0.25544828138084535
0.3308853810658608
0.43114829813091776
0.568492829247159
0.736440859191348
0.9593159811298804
1.1890158240559814
1.273717726443618
0.15680650448481312
0.167281377866913
0.1902428093292557
0.23237148299842364
0.30099371303315314
0.3921990349175564
0.5171360758116756
0.6699119432938142
0.8726528751504707
1.081601993370015
1.1586520583154336
0.1397132166019295
0.14904623667352201
0.1695046701927687
0.2070409479691762
0.2681827514935727
0.3494458912692381
0.4607636960592298
0.5968856505355989
0.7775260379967263
0.9636978649149558
1.0323487952337316
0.12524970453477274
0.1336165436557644
0.15195706158136266
0.18560747644673167
0.240419705471355
0.31327025242760437
0.4130641194540313
0.5350943395973812
0.6970343171229874
0.8639331036611476
0.925477093181933
0.11104637066756047
0.11846440907168504
0.13472510972056556
0.1645595628726799
0.21315607752308977
0.27774536234963904
0.3662225910132377
0.4744145672658352
0.6179905288779848
0.7659629698727307
0.8205278624452704
0.09690598679947178
0.10337942962653097
0.11756953086944084
0.14360493487180473
0.18601328355445498
0.24237792064405184
0.31958866694197835
0.41400373120320383
0.539297067284853
0.6684270453968826
0.716043772783507
0.08225362473496402
0.08774827119206755
0.09979280322909208
0.12189160662981734
0.1578877355933506
0.2057299366854342
0.27126627722796676
0.35140561145856125
0.45775436645530454
0.5673596562052393
0.6077766475070243
0.06585278684236164
0.07025183652654798
0.07989476719866978
0.09758721290557247
0.12640594782969972
0.16470872513269683
0.21717754554129734
0.2813376176569973
0.3664811224729542
0.45423183018895963
0.4865899362491237
0.05072495788345747
0.05411344940610021
0.06154118748174762
0.07516929050320591
0.09736773016500185
0.12687151973375432
0.16728710171652333
0.21670819855882473
0.2822923735486475
0.3498848197695316
0.37480955941676586
0.03435201516275564
0.036646773345348764
0.04167699479148373
0.05090623462068605
0.06593948782916073
0.08592007862539407
0.11329036621188414
0.14675937907900163
0.1911743705880144
0.23694940588330837
0.2538289671489165
0.024621110168102048
0.026265831555043924
0.029871140757676072
0.0364860112252781
0.04726079057016406
0.06158147379315921
0.08119857231874937
0.10518680849978873
0.1370203528749181
0.16982868105055499
0.18192676425006188
0.011078569554482626
0.011818632052012867
0.013440885008685913
0.01641732685346441
0.021265570559435964
0.027709337069977715
0.036536290403486424
0.0473300905695452
0.06165398307957721
0.07641649147901448
0.08186017193398025
0.
0.
0.
0.
0.
0.
0.
0.
0.
0.
0.
0.2559910808060999
0.2730916096853402
0.3105767999598851
0.37935305857825624
0.49138080188930466
0.6402760852907468
0.8442393598773106
1.0936503110769538
1.4246306517210803
1.765746033268928
1.8915324569021497
0.23017605374007005
0.24555210606929193
0.2792571599482109
0.3410977824806042
0.44182826021260113
0.5757084276228708
0.7591033392909275
0.9833628264805011
1.280965963414579
1.5876820886305945
1.7007837737158218
0.19867062964352056
0.21194207968379108
0.24103374307574532
0.2944099097813139
0.38135286979011923
0.49690814465035177
0.655200816639848
0.8487647117520489
1.1056333200972037
1.3703675734148788
1.467988427645866
0.18072303555514685
0.19279556354684382
0.2192591315486918
0.2678133788001929
0.3469020477249898
0.4520182397087688
0.5960109991790405
0.7720886346168424
1.0057521344619345
1.246570709209801
1.3353726480861277
0.1610226354731439
0.17177915175271796
0.19535795813227969
0.2386193654666589
0.3090866740042745
0.4027442767118582
0.5310405591848342
0.6879241840032261
0.896116307621368
1.1106835400588604
1.1898052867086828
0.14435311137302312
0.15399608230023235
0.17513394315656022
0.2139168057817042
0.2770891368493312
0.36105103645963277
0.47606572056380303
0.6167083035115614
0.8033477826092675
0.9957024010145781
1.066633237990439
0.1279834485205906
0.1365329052071261
0.15527372971038939
0.18965861033437917
0.24566719029651626
0.32010779884494694
0.4220798018183385
0.5467734963519061
0.7122480326316453
0.8827896106289542
0.9456768808532175
0.11168633696291401
0.11914712592725568
0.13550153788153196
0.16550792861561422
0.21438450763246658
0.27934602403291114
0.36833315179462695
0.47714864431175175
0.6215520420274012
0.7703772562763379
0.8252566093030783
0.09479915897849493
0.10113186303495517
0.11501345805375855
0.14048282774499973
0.1819691788112195
0.2371083953725073
0.31264050700865464
0.4050028984610918
0.5275722388954653
0.653894809133229
0.7004763038235667
0.07589682313892859
0.08096682718689482
0.09208052242830189
0.11247146542553374
0.14568570786693458
0.1898305232056266
0.25030202295237014
0.32424795416416285
0.4223777651608248
0.5235124363445819
0.5608058839041749
0.058461658827385056
0.062366971785779345
0.07092760756265898
0.08663430388235785
0.11221850661327072
0.14622228999437545
0.1928021604127054
0.24976108996180932
0.3253483318781905
0.4032501517151319
0.4319764767120851
0.03959147280303641
0.042236233401363246
0.04803367715056793
0.0586705843584736
0.07599674798307353
0.09902482983936638
0.1305697040325999
0.1691434967604838
0.2203327769248081
0.2730895382491476
0.2925436135809252
0.02837638516933131
0.0302719636892876
0.03442716391746251
0.04205095142957134
0.054469127812257705
0.07097403844583652
0.09358318725616746
0.12123017087140209
0.15791904924958405
0.19573138795882275
0.20967470190104656
0.01276830145581836
0.013621240187498261
0.015490923334453965
0.018921339739108742
0.024509050035521462
0.03193563637530611
0.042108899317252826
0.0545489976256477
0.07105760703495434
0.08807173115640457
0.09434569574509505
0.
0.
0.
0.
0.
0.
0.
0.
0.
0.
0.
0.27397468816955384
0.2922765448298115
0.33239510397690286
0.40600295761429067
0.5259007522691729
0.6852560653971511
0.9035479464147816
1.170480244859794
1.5247122568999154
1.8897913057288758
2.024414340571878
0.24634613186113824
0.2628023659178571
0.29887523063304516
0.3650602134112445
0.47286709925628856
0.6161524707731648
0.8124310425808488
1.0524449636845705
1.3709549929520652
1.6992182062563408
1.8202653880765514
0.21262742293065987
0.22683120446434574
0.2579665837949184
0.3150924749892197
0.40814325739133117
0.5318163959103828
0.7012292727624673
0.9083912083942975
1.1833050712142708
1.4666371477543232
1.5711159562056805
0.19341899395622084
0.20633962807175416
0.23466228590940275
0.2866275134015458
0.3712722335931961
0.4837729341240448
0.637881316534602
0.826328566769971
1.0764071410121607
1.3341434407074015
1.429183796941131
0.17233462276528042
0.18384679414332206
0.20908203321847102
0.2553825939523951
0.33080029531123334
0.43103743019778135
0.5683466437577374
0.7362514865872777
0.9590692971454955
1.1887100737435345
1.2733901954007487
0.15449404936372252
0.16481444781079607
0.18743726270907027
0.22894465687522872
0.2965549019302577
0.3864152017164949
0.5095097724849003
0.6600326254107586
0.859783698474993
1.0656514046060965
1.14156519769952
0.13697440273652048
0.1461244665681717
0.16618185111904182
0.20298230102942905
0.2629255349172272
0.342595664243472
0.4517312936127728
0.585184834138167
0.7622841078102737
0.9448063875108648
1.0121115459377008
0.11953240419885733
0.12751732040598043
0.14502064474547702
0.1771350118498598
0.22944521520840336
0.2989703375009831
0.39420889230849626
0.5106687726158812
0.6652166409836532
0.8244969625371257
0.8832316402653744
0.10145888652871496
0.10823646883226641
0.12309325858680352
0.15035187477398249
0.1947526799148133
0.2537654768283342
0.33460378833177523
0.43345472218895525
0.564634670798541
0.6998315170350063
0.7496854042956906
0.08122864432257447
0.08665482078811128
0.09854926327644507
0.12037268865345627
0.1559202619791252
0.20316629093701666
0.2678859688027001
0.34702666925736764
0.4520501891522599
0.5602896634083828
0.6002030097395734
0.06256864378505504
0.06674830854763626
0.0759103368109545
0.09272044290063855
0.12010195925347873
0.1564945394913502
0.206346688373473
0.2673070347752944
0.34820434951141027
0.4315788433822914
0.46232321896178863
0.04237280994802439
0.04520336739529545
0.051408086865862186
0.06279224652562769
0.0813355889783244
0.10598141462921934
0.1397423450616897
0.181025981979267
0.23581135585436488
0.2922743278733844
0.31309506977527696
0.03036985215916691
0.03239859680241833
0.03684570364384245
0.04500506919566031
0.05829563381755009
0.0759600295060944
0.10015749168169906
0.12974670116101608
0.16901300677332454
0.2094816968315975
0.2244045413203208
0.013665286301369864
0.014578144758404441
0.016579174855039198
0.02025058114700254
0.026230833198054495
0.03417914401495789
0.04506708797541775
0.05838111455832415
0.07604946886499006
0.09425885075428454
0.10097356708877525
0.
0.
0.
0.
0.
0.
0.
0.
0.
0.
0.
0.2810775403865129
0.29985387658364143
0.3410125179320541
0.41652867087212286
0.5395348414221248
0.7030214750260925
0.9269726196106711
1.2008251948172217
1.5642407473107476
1.9387845483351647
2.076897714065392
0.25273270786390345
0.2696155732978974
0.30662363472350773
0.3745244772944348
0.48512627964521293
0.6321263549748332
0.8334934906138273
1.0797298238060127
1.4064972935058178
1.743270800618381
1.8674561564410364
0.21813983421375271
0.2327118518127088
0.26465442249217286
0.32326131459801083
0.41872445837729916
0.5456038493862392
0.7194087911986914
0.9319414441898136
1.2139825075299282
1.5046600285759144
1.6118474724168521
0.19843342262187608
0.21168902693224473
0.24074595571424928
0.29405839281089113
0.380897545424372
0.49631485060767977
0.654418525696405
0.8477513110812612
1.1043132256908128
1.3687313939189902
1.4662356916558563
0.17680243461149325
0.18861306148752013
0.21450252951721036
0.26200344216194893
0.33937636351159667
0.44221216749603826
0.5830811516992583
0.7553389633855346
0.9839333731992256
1.2195276359023186
1.306403107771845
0.15849934053992903
0.1690872975175971
0.19229661371650866
0.23488009592804965
0.3042431510042657
0.39643309822555256
0.5227189219915049
0.6771441119789796
0.8820737742101588
1.0932786445247817
1.1711605188930416
0.14052549333778874
0.14991277452556848
0.17049015104823673
0.20824466047037843
0.26974193547983716
0.35147752989886694
0.46344252373308603
0.600355875756174
0.7820464858652273
0.9693006945906595
1.038350753602829
0.12263130726845482
0.13082323413105537
0.14878033588670875
0.1817272748068042
0.23539363134276353
0.3067212072572388
0.40442884190819467
0.5239079694479903
0.682462524261175
0.8458722221180711
0.9061296088918133
0.10408922979847242
0.11104252236858932
0.1262844775657801
0.15424977919061447
0.19980168467336096
0.2603444009315895
0.34327846289983127
0.44469212829757215
0.5792729450494915
0.7179747983559251
0.7691211582753947
0.08333451424895563
0.08890136549651965
0.10110417394290225
0.12349337627673729
0.15996252802152902
0.2084334203555404
0.2748309696716142
0.3560234096626621
0.46376968670748947
0.5748152924161725
0.6157634007626698
0.06419074921818717
0.06847877268106863
0.0778783284809531
0.09512424015583215
0.12321562815932449
0.1605516938007365
0.2116962702737902
0.2742370266560515
0.3572316215284186
0.44276761693283406
0.47430904700557486
0.04347133408209098
0.046375274334807724
0.05274085248082906
0.06442014890749416
0.0834442314677179
0.10872900540441024
0.14336519515801358
0.18571911916657796
0.24192481554256545
0.2998516021521221
0.32121212622792605
0.031157197052882044
0.03323853733364826
0.03780093636829891
0.046171835212062015
0.05980696055603893
0.07792930946981723
0.10275409601251102
0.13311041205760107
0.17339470501659157
0.21491255449473187
0.23022227690918237
0.014019561762908516
0.0149560862701133
0.01700899349873073
0.020775581781752775
0.026910873142539832
0.03506524561238892
0.04623546184190477
0.05989465740324434
0.07802106756315386
0.09670253156115129
0.10359132834855424
0.
0.
0.
0.
0.
0.
0.
0.
0.
0.
0.
0.28481162826116463
0.3038374062643797
0.34554283617293474
0.42206221388381093
0.5467025094845969
0.7123610471665865
0.9392873609957934
1.2167780411149995
1.5850215339916673
1.9645411131021135
2.104489098849526
0.25609023738641473
0.273197390050971
0.3106970999848321
0.37949999866658857
0.4915711352391764
0.6405240923184665
0.8445663708326536
1.0940739298396338
1.4251824736955545
1.7664299842012168
1.8922651304366855
0.22103780076346732
0.23580340620352475
0.2681703308377565
0.3275558098235081
0.4242871722131202
0.5528521436311518
0.728966067245858
0.9443221959277452
1.2301101474515437
1.524649291184562
1.633260709825517
0.2010695914040525
0.21450129513260535
0.2439442423965213
0.2979649300515559
0.3859577323887899
0.5029083452821904
0.6631124123669312
0.8590136050627557
1.1189839198352176
1.3869148577939783
1.485714490673608
0.17915123781499323
0.19111876772407338
0.21735217482665437
0.26548413249084796
0.34388494559961574
0.44808691327046
0.590827328272115
0.7653735682869195
0.9970048326736303
1.2357289423167783
1.323758546407851
0.1606049889131019
0.1713336058727564
0.19485125558731667
0.23800045523173446
0.30828499177015956
0.4016996735028164
0.5296631921945862
0.6861399058601128
0.8937920387868882
1.1078027453281478
1.1867192728470455
0.14239236089337692
0.15190435120167614
0.17275509617655094
0.21101117059621083
0.2733254309422458
0.3561468748091835
0.4695993127319135
0.6083315453634098
0.7924358976135589
0.9821777603483328
1.0521451427003408
0.12426045229688415
0.1325612081136788
0.15075686822528425
0.1841415040348543
0.2385208129146484
0.31079596876021254
0.40980163986513324
0.5308680360312498
0.6915289727338759
0.8571095525848628
0.9181674529001735
0.10547204512529568
0.11251771151311227
0.12796215460744906
0.15629897255324032
0.20245603068424398
0.26380305105857943
0.3478388839999358
0.4505998201108187
0.5869685299661962
0.7275130239471969
0.7793388582997546
0.08444160519179317
0.09008241151849636
0.10244733309207385
0.12513397380836702
0.1620876146985454
0.21120243813814585
0.2784820724599022
0.3607531461449344
0.4699308220347157
0.5824516578497948
0.6239437578459139
0.06504351709850552
0.06938850653738383
0.078912934524819
0.09638795646437445
0.12485253583414165
0.16268460748801175
0.2145086347012419
0.2778802389689543
0.3619774089881986
0.4486497417991756
0.4806101967126115
0.04404884654099334
0.046991365358441846
0.05344150959301481
0.0652759643404451
0.08455277999317067
0.11017345970034988
0.14526978787698452
0.1881863796599537
0.24513876326337064
0.3038351016172564
0.3254793981845869
0.03157111739515958
0.033680108079777824
0.038303118143296816
0.046785223566673015
0.06060149022897184
0.07896459279117828
0.1041191742164238
0.13487877097724546
0.1756982368627895
0.21776764694625148
0.23328075753875938
0.014205810281786375
0.015154776426276882
0.017234956328405052
0.02105158337161092
0.027268381483333097
0.03553108400090951
0.0468496954701249
0.06069035212029056
0.07905756988188913
0.09798721531800406
0.10496752910288534
0.
0.
0.
0.
0.
0.
0.
0.
0.
0.
0.
0.2855582559617234
0.30463390964230697
0.3464486694592775
0.4231686411114096
0.5481356786288426
0.7142284866874419
0.9417496830813951
1.2199677991893982
1.5891766346470917
1.9696911163617554
2.110005972813972
0.25676157256413457
0.27391357127003774
0.3115115859057486
0.3804948499410834
0.49285977864396124
0.6422032127712369
0.8467803838323126
1.096942021663921
1.4289185596120904
1.7710606432980889
1.8972256637260438
0.22161724671491323
0.2364215598794563
0.2688733337266972
0.32841449049812227
0.4253994321222403
0.55430143391213
0.7308770364780335
0.9467977167273587
1.2333348553626393
1.528646127273684
1.6375422684670482
0.20159669111412706
0.21506360577184963
0.24458373710352133
0.29874603885645207
0.3869695124765823
0.5042267089449473
0.6648507476262047
0.8612654911834622
1.1219173126750044
1.3905506259593015
1.4896092600010788
0.17962087902156457
0.19161978155890397
0.21792195898712932
0.26618009356725036
0.34478643276064735
0.44926156370080894
0.5923761697019009
0.767379979018277
0.9996184598987892
1.238968379780582
1.3272287516295755
0.16102601151777074
0.17178275332141296
0.19536205406067386
0.23862436842554102
0.30909315440006074
0.4027527207585571
0.53105169312649
0.687938607209849
0.8961350958410242
1.1107068269538418
1.1898302324918615
0.1427656394762776
0.15230256526735522
0.17320797003217822
0.2115643319472989
0.27404194781781893
0.35708050636005834
0.4708303574655454
0.6099262737305943
0.7945132516727585
0.9847525187148576
1.0549033190899235
0.12458619846228924
0.13290871453608685
0.15115207418844567
0.1846242271194923
0.23914609021518943
0.31161071386354877
0.41087592625549163
0.5322596954359656
0.6933418014092163
0.8593564472719952
0.9205744095903627
0.1057485378759812
0.1128126743302278
0.128297604707701
0.15670870702647666
0.20298676491576703
0.2644946052153211
0.3487507363274246
0.4517810580736638
0.5885072556372821
0.7294201840568899
0.7813818787455175
0.08466296708597136
0.09031856066796574
0.10271589662370324
0.12546200989206469
0.16251252397556573
0.21175610089307784
0.2792121073628894
0.3616988529393507
0.47116273581302404
0.583978542635511
0.6255794133001615
0.0652140273122353
0.06957040704965399
0.07911980312498226
0.0966406354674614
0.12517983413410144
0.16311108176909012
0.2150709645810094
0.27860869617808987
0.3629263251619422
0.449825867672691
0.48187010624730175
0.04416431966688347
0.04711455223559961
0.053581605387787834
0.06544708390973662
0.08477443332975527
0.11046227711058264
0.14565060957427872
0.18867970630107384
0.2457813893817305
0.3046315989535997
0.32633263558970804
0.031653880416208736
0.033768399775603974
0.03840352896289068
0.04690787004745392
0.06076035576257517
0.07917159681240084
0.10439212044444231
0.13523235284201623
0.17615882609990027
0.2183385202581603
0.23389229814420862
0.014243050515024119
0.015194504354327832
0.017280137404371895
0.021106769655197134
0.027339864972575317
0.03562422799123015
0.046972510962646326
0.0608494506034751
0.07926481764060264
0.09824408674458066
0.10524269927541628
0.
0.
0.
0.
0.
0.
0.
0.
0.
0.
0.
0.2859315221570109
0.3050321104928646
0.34690152828584486
0.4237217841052995
0.5488521717261059
0.715162087254842
0.9429806869616129
1.2215624746339675
1.5912539197672733
1.9722657892824171
2.1127640576707867
0.2570971973036969
0.2742716161678861
0.3119187768800294
0.3809922120799773
0.4935040180961359
0.6430426658244314
0.8478872490183791
1.098375884514421
1.4307863641072733
1.7733756772855351
1.8997056137548594
0.22190693270635042
0.23673059726253917
0.2692247903006156
0.3288437760284343
0.42595549108460823
0.5550259865487954
0.7318323991227255
0.9480353191221462
1.2349470034948173
1.5306442902122643
1.639682774508852
0.20186020732598126
0.21534472520088135
0.24490344364000496
0.29913654340308343
0.3874753379416097
0.5048858066291549
0.6657198043031474
0.8623912905127219
1.1233838218652876
1.3923682779818574
1.491556396073447
0.1798556696490698
0.1918702564981188
0.21820681469976405
0.266528029684357
0.3452371188019593
0.4498488139415945
0.5931504915589185
0.7683830563208164
1.0009251066914338
1.2405878917489708
1.3289636327477157
0.16123649594750342
0.1720072983780156
0.19561742069462798
0.23893628519994886
0.30949718413243094
0.4032791771735974
0.5317458549686245
0.6888378430790393
0.8973064748178339
1.1121586824079261
1.1913855137511074
0.14295225494248293
0.15250164688339327
0.1734343780544209
0.2118408773162238
0.27440016052249705
0.3575472625446094
0.47144580125849805
0.6107235361274905
0.7955517961111209
0.9860397335590668
1.0562822312386428
0.12474905075359743
0.13308244556700505
0.15134965194522282
0.18486555785105407
0.2394586889558979
0.3120180344124948
0.41141300088221716
0.5329554363129062
0.6942481000395051
0.860479751203057
0.9217777343066785
0.10588676660362642
0.11296013691219949
0.1284653083470598
0.1569135481109804
0.20325209815636502
0.2648403381538781
0.3492066042903874
0.45237160166023244
0.5892765202606103
0.7303736423834644
0.7824032585685721
0.08477363390419902
0.0904366201700132
0.10285016124791857
0.12562600699636067
0.16272495149339955
0.21203289693192187
0.2795770782184587
0.3621716459749502
0.4717786140728414
0.5847418875719232
0.6263971366283362
0.06529927153594796
0.06966134569562854
0.07922322422126567
0.09676695884126682
0.12534346239361915
0.16332429168906332
0.21535209362907515
0.2789728782874313
0.3634007226823595
0.4504138555408846
0.48249998059842397
0.04422204885952754
0.04717613781153199
0.05365164434328267
0.06553263277233694
0.08488524585058423
0.11060666738135609
0.14584099611622603
0.18892633813408383
0.2461026614240253
0.305029796783751
0.326759199832701
0.03169525664421955
0.03381253998812465
0.03845372796376814
0.0469691854596898
0.0608397783894693
0.07927508561057144
0.10452857613711618
0.13540912120633855
0.17638909132043534
0.21862392047699478
0.23419802941414264
0.014261668254711325
0.015214365782639606
0.017302725058583643
0.02113435927461635
0.02737560215462115
0.035670794041290685
0.04703391086996512
0.060928989690291535
0.07936842829196067
0.09837250606254129
0.10538026679840036
0.
0.
0.
0.
0.
0.
0.
0.
0.
0.
0.